pixid,noisy,label
38188,True,Corn_Ensilage
38189,True,Corn_Ensilage
38190,True,Corn_Ensilage
38191,True,Corn_Ensilage
38192,True,Corn_Ensilage
38193,True,Corn_Ensilage
38194,True,Corn_Ensilage
38195,True,Corn_Ensilage
38196,True,Corn_Ensilage
38197,True,Corn_Ensilage
38198,True,Corn_Ensilage
38199,True,Corn_Ensilage
38200,True,Corn_Ensilage
38201,True,Corn_Ensilage
38202,True,Corn_Ensilage
38203,True,Corn_Ensilage
38204,True,Corn_Ensilage
38205,True,Corn_Ensilage
38206,True,Corn_Ensilage
38207,True,Corn_Ensilage
38208,False,Corn
38209,False,Corn
38210,False,Corn
38211,False,Corn
38212,False,Corn
38213,False,Corn
38214,False,Corn
38215,False,Corn
38216,False,Corn
38217,False,Corn
38218,False,Corn
38219,False,Corn
38220,False,Corn
38221,False,Corn
38222,False,Corn
38223,False,Corn
38224,False,Corn
38225,False,Corn
38226,False,Corn
38227,False,Corn
38228,False,Corn
38229,False,Corn
38230,False,Corn
38231,False,Corn
38232,False,Corn
38233,False,Corn
38234,False,Corn
38235,False,Corn
38236,False,Corn
38237,False,Corn
38238,True,Corn_Ensilage
38239,True,Corn_Ensilage
38240,True,Corn_Ensilage
38241,True,Corn_Ensilage
38242,True,Corn_Ensilage
38243,True,Corn_Ensilage
38244,True,Corn_Ensilage
38245,True,Corn_Ensilage
38246,True,Corn_Ensilage
38247,True,Corn_Ensilage
38248,True,Corn_Ensilage
38249,True,Corn_Ensilage
38250,True,Corn_Ensilage
38251,True,Corn_Ensilage
38252,True,Corn_Ensilage
38253,True,Corn_Ensilage
38254,True,Corn_Ensilage
38255,True,Corn_Ensilage
38256,True,Corn_Ensilage
38257,True,Corn_Ensilage
38258,True,Corn_Ensilage
38259,True,Corn_Ensilage
38260,True,Corn_Ensilage
38261,True,Corn_Ensilage
38262,True,Corn_Ensilage
38263,True,Corn_Ensilage
38264,True,Corn_Ensilage
38265,True,Corn_Ensilage
38266,True,Corn_Ensilage
38267,True,Corn_Ensilage
38268,True,Corn_Ensilage
38269,True,Corn_Ensilage
38270,True,Corn_Ensilage
38271,True,Corn_Ensilage
38272,True,Corn_Ensilage
38273,True,Corn_Ensilage
38274,True,Corn_Ensilage
38275,True,Corn_Ensilage
38276,True,Corn_Ensilage
38277,True,Corn_Ensilage
38278,True,Corn_Ensilage
38279,True,Corn_Ensilage
38280,True,Corn_Ensilage
38281,True,Corn_Ensilage
38282,True,Corn_Ensilage
38283,True,Corn_Ensilage
38284,True,Corn_Ensilage
38285,True,Corn_Ensilage
38286,True,Corn_Ensilage
38287,True,Corn_Ensilage
38288,False,Corn
38289,False,Corn
38290,False,Corn
38291,False,Corn
38292,False,Corn
38293,False,Corn
38294,False,Corn
38295,False,Corn
38296,False,Corn
38297,False,Corn
38298,True,Corn_Ensilage
38299,True,Corn_Ensilage
38300,True,Corn_Ensilage
38301,True,Corn_Ensilage
38302,True,Corn_Ensilage
38303,True,Corn_Ensilage
38304,True,Corn_Ensilage
38305,True,Corn_Ensilage
38306,True,Corn_Ensilage
38307,True,Corn_Ensilage
38308,True,Corn_Ensilage
38309,True,Corn_Ensilage
38310,True,Corn_Ensilage
38311,True,Corn_Ensilage
38312,True,Corn_Ensilage
38313,True,Corn_Ensilage
38314,True,Corn_Ensilage
38315,True,Corn_Ensilage
38316,True,Corn_Ensilage
38317,True,Corn_Ensilage
38318,False,Corn
38319,False,Corn
38320,False,Corn
38321,False,Corn
38322,False,Corn
38323,False,Corn
38324,False,Corn
38325,False,Corn
38326,False,Corn
38327,False,Corn
38328,True,Corn_Ensilage
38329,True,Corn_Ensilage
38330,True,Corn_Ensilage
38331,True,Corn_Ensilage
38332,True,Corn_Ensilage
38333,True,Corn_Ensilage
38334,True,Corn_Ensilage
38335,True,Corn_Ensilage
38336,True,Corn_Ensilage
38337,True,Corn_Ensilage
38338,False,Corn
38339,False,Corn
38340,False,Corn
38341,False,Corn
38342,False,Corn
38343,False,Corn
38344,False,Corn
38345,False,Corn
38346,False,Corn
38347,False,Corn
38348,True,Corn_Ensilage
38349,True,Corn_Ensilage
38350,True,Corn_Ensilage
38351,True,Corn_Ensilage
38352,True,Corn_Ensilage
38353,True,Corn_Ensilage
38354,True,Corn_Ensilage
38355,True,Corn_Ensilage
38356,True,Corn_Ensilage
38357,True,Corn_Ensilage
38358,True,Corn_Ensilage
38359,True,Corn_Ensilage
38360,True,Corn_Ensilage
38361,True,Corn_Ensilage
38362,True,Corn_Ensilage
38363,True,Corn_Ensilage
38364,True,Corn_Ensilage
38365,True,Corn_Ensilage
38366,True,Corn_Ensilage
38367,True,Corn_Ensilage
38368,True,Corn_Ensilage
38369,True,Corn_Ensilage
38370,True,Corn_Ensilage
38371,True,Corn_Ensilage
38372,True,Corn_Ensilage
38373,True,Corn_Ensilage
38374,True,Corn_Ensilage
38375,True,Corn_Ensilage
38376,True,Corn_Ensilage
38377,True,Corn_Ensilage
38378,True,Corn_Ensilage
38379,True,Corn_Ensilage
38380,True,Corn_Ensilage
38381,True,Corn_Ensilage
38382,True,Corn_Ensilage
38383,True,Corn_Ensilage
38384,True,Corn_Ensilage
38385,True,Corn_Ensilage
38386,True,Corn_Ensilage
38387,True,Corn_Ensilage
38388,True,Corn_Ensilage
38389,True,Corn_Ensilage
38390,True,Corn_Ensilage
38391,True,Corn_Ensilage
38392,True,Corn_Ensilage
38393,True,Corn_Ensilage
38394,True,Corn_Ensilage
38395,True,Corn_Ensilage
38396,True,Corn_Ensilage
38397,True,Corn_Ensilage
38398,True,Corn_Ensilage
38399,True,Corn_Ensilage
38400,True,Corn_Ensilage
38401,True,Corn_Ensilage
38402,True,Corn_Ensilage
38403,True,Corn_Ensilage
38404,True,Corn_Ensilage
38405,True,Corn_Ensilage
38406,True,Corn_Ensilage
38407,True,Corn_Ensilage
38408,False,Corn
38409,False,Corn
38410,False,Corn
38411,False,Corn
38412,False,Corn
38413,False,Corn
38414,False,Corn
38415,False,Corn
38416,False,Corn
38417,False,Corn
38418,True,Corn_Ensilage
38419,True,Corn_Ensilage
38420,True,Corn_Ensilage
38421,True,Corn_Ensilage
38422,True,Corn_Ensilage
38423,True,Corn_Ensilage
38424,True,Corn_Ensilage
38425,True,Corn_Ensilage
38426,True,Corn_Ensilage
38427,True,Corn_Ensilage
38428,True,Corn_Ensilage
38429,True,Corn_Ensilage
38430,True,Corn_Ensilage
38431,True,Corn_Ensilage
38432,True,Corn_Ensilage
38433,True,Corn_Ensilage
38434,True,Corn_Ensilage
38435,True,Corn_Ensilage
38436,True,Corn_Ensilage
38437,True,Corn_Ensilage
38438,True,Corn_Ensilage
38439,True,Corn_Ensilage
38440,True,Corn_Ensilage
38441,True,Corn_Ensilage
38442,True,Corn_Ensilage
38443,True,Corn_Ensilage
38444,True,Corn_Ensilage
38445,True,Corn_Ensilage
38446,True,Corn_Ensilage
38447,True,Corn_Ensilage
38448,True,Corn_Ensilage
38449,True,Corn_Ensilage
38450,True,Corn_Ensilage
38451,True,Corn_Ensilage
38452,True,Corn_Ensilage
38453,True,Corn_Ensilage
38454,True,Corn_Ensilage
38455,True,Corn_Ensilage
38456,True,Corn_Ensilage
38457,True,Corn_Ensilage
38458,True,Corn_Ensilage
38459,True,Corn_Ensilage
38460,True,Corn_Ensilage
38461,True,Corn_Ensilage
38462,True,Corn_Ensilage
38463,True,Corn_Ensilage
38464,True,Corn_Ensilage
38465,True,Corn_Ensilage
38466,True,Corn_Ensilage
38467,True,Corn_Ensilage
38468,True,Corn_Ensilage
38469,True,Corn_Ensilage
38470,True,Corn_Ensilage
38471,True,Corn_Ensilage
38472,True,Corn_Ensilage
38473,True,Corn_Ensilage
38474,True,Corn_Ensilage
38475,True,Corn_Ensilage
38476,True,Corn_Ensilage
38477,True,Corn_Ensilage
38478,True,Corn_Ensilage
38479,True,Corn_Ensilage
38480,True,Corn_Ensilage
38481,True,Corn_Ensilage
38482,True,Corn_Ensilage
38483,True,Corn_Ensilage
38484,True,Corn_Ensilage
38485,True,Corn_Ensilage
38486,True,Corn_Ensilage
38487,True,Corn_Ensilage
38488,True,Corn_Ensilage
38489,True,Corn_Ensilage
38490,True,Corn_Ensilage
38491,True,Corn_Ensilage
38492,True,Corn_Ensilage
38493,True,Corn_Ensilage
38494,True,Corn_Ensilage
38495,True,Corn_Ensilage
38496,True,Corn_Ensilage
38497,True,Corn_Ensilage
38498,True,Corn_Ensilage
38499,True,Corn_Ensilage
38500,True,Corn_Ensilage
38501,True,Corn_Ensilage
38502,True,Corn_Ensilage
38503,True,Corn_Ensilage
38504,True,Corn_Ensilage
38505,True,Corn_Ensilage
38506,True,Corn_Ensilage
38507,True,Corn_Ensilage
38508,False,Corn
38509,False,Corn
38510,False,Corn
38511,False,Corn
38512,False,Corn
38513,False,Corn
38514,False,Corn
38515,False,Corn
38516,False,Corn
38517,False,Corn
38518,True,Corn_Ensilage
38519,True,Corn_Ensilage
38520,True,Corn_Ensilage
38521,True,Corn_Ensilage
38522,True,Corn_Ensilage
38523,True,Corn_Ensilage
38524,True,Corn_Ensilage
38525,True,Corn_Ensilage
38526,True,Corn_Ensilage
38527,True,Corn_Ensilage
38528,True,Corn_Ensilage
38529,True,Corn_Ensilage
38530,True,Corn_Ensilage
38531,True,Corn_Ensilage
38532,True,Corn_Ensilage
38533,True,Corn_Ensilage
38534,True,Corn_Ensilage
38535,True,Corn_Ensilage
38536,True,Corn_Ensilage
38537,True,Corn_Ensilage
38538,True,Corn_Ensilage
38539,True,Corn_Ensilage
38540,True,Corn_Ensilage
38541,True,Corn_Ensilage
38542,True,Corn_Ensilage
38543,True,Corn_Ensilage
38544,True,Corn_Ensilage
38545,True,Corn_Ensilage
38546,True,Corn_Ensilage
38547,True,Corn_Ensilage
38548,False,Corn
38549,False,Corn
38550,False,Corn
38551,False,Corn
38552,False,Corn
38553,False,Corn
38554,False,Corn
38555,False,Corn
38556,False,Corn
38557,False,Corn
38558,True,Corn_Ensilage
38559,True,Corn_Ensilage
38560,True,Corn_Ensilage
38561,True,Corn_Ensilage
38562,True,Corn_Ensilage
38563,True,Corn_Ensilage
38564,True,Corn_Ensilage
38565,True,Corn_Ensilage
38566,True,Corn_Ensilage
38567,True,Corn_Ensilage
38568,True,Corn_Ensilage
38569,True,Corn_Ensilage
38570,True,Corn_Ensilage
38571,True,Corn_Ensilage
38572,True,Corn_Ensilage
38573,True,Corn_Ensilage
38574,True,Corn_Ensilage
38575,True,Corn_Ensilage
38576,True,Corn_Ensilage
38577,True,Corn_Ensilage
38578,True,Corn_Ensilage
38579,True,Corn_Ensilage
38580,True,Corn_Ensilage
38581,True,Corn_Ensilage
38582,True,Corn_Ensilage
38583,True,Corn_Ensilage
38584,True,Corn_Ensilage
38585,True,Corn_Ensilage
38586,True,Corn_Ensilage
38587,True,Corn_Ensilage
38588,True,Corn_Ensilage
38589,True,Corn_Ensilage
38590,True,Corn_Ensilage
38591,True,Corn_Ensilage
38592,True,Corn_Ensilage
38593,True,Corn_Ensilage
38594,True,Corn_Ensilage
38595,True,Corn_Ensilage
38596,True,Corn_Ensilage
38597,True,Corn_Ensilage
38598,True,Corn_Ensilage
38599,True,Corn_Ensilage
38600,True,Corn_Ensilage
38601,True,Corn_Ensilage
38602,True,Corn_Ensilage
38603,True,Corn_Ensilage
38604,True,Corn_Ensilage
38605,True,Corn_Ensilage
38606,True,Corn_Ensilage
38607,True,Corn_Ensilage
38608,False,Corn
38609,False,Corn
38610,False,Corn
38611,False,Corn
38612,False,Corn
38613,False,Corn
38614,False,Corn
38615,False,Corn
38616,False,Corn
38617,False,Corn
38618,True,Corn_Ensilage
38619,True,Corn_Ensilage
38620,True,Corn_Ensilage
38621,True,Corn_Ensilage
38622,True,Corn_Ensilage
38623,True,Corn_Ensilage
38624,True,Corn_Ensilage
38625,True,Corn_Ensilage
38626,True,Corn_Ensilage
38627,True,Corn_Ensilage
38628,True,Corn_Ensilage
38629,True,Corn_Ensilage
38630,True,Corn_Ensilage
38631,True,Corn_Ensilage
38632,True,Corn_Ensilage
38633,True,Corn_Ensilage
38634,True,Corn_Ensilage
38635,True,Corn_Ensilage
38636,True,Corn_Ensilage
38637,True,Corn_Ensilage
38638,True,Corn_Ensilage
38639,True,Corn_Ensilage
38640,True,Corn_Ensilage
38641,True,Corn_Ensilage
38642,True,Corn_Ensilage
38643,True,Corn_Ensilage
38644,True,Corn_Ensilage
38645,True,Corn_Ensilage
38646,True,Corn_Ensilage
38647,True,Corn_Ensilage
38648,True,Corn_Ensilage
38649,True,Corn_Ensilage
38650,True,Corn_Ensilage
38651,True,Corn_Ensilage
38652,True,Corn_Ensilage
38653,True,Corn_Ensilage
38654,True,Corn_Ensilage
38655,True,Corn_Ensilage
38656,True,Corn_Ensilage
38657,True,Corn_Ensilage
38658,False,Corn
38659,False,Corn
38660,False,Corn
38661,False,Corn
38662,False,Corn
38663,False,Corn
38664,False,Corn
38665,False,Corn
38666,False,Corn
38667,False,Corn
38668,False,Corn
38669,False,Corn
38670,False,Corn
38671,False,Corn
38672,False,Corn
38673,False,Corn
38674,False,Corn
38675,False,Corn
38676,False,Corn
38677,False,Corn
38678,True,Corn_Ensilage
38679,True,Corn_Ensilage
38680,True,Corn_Ensilage
38681,True,Corn_Ensilage
38682,True,Corn_Ensilage
38683,False,Corn
38684,False,Corn
38685,False,Corn
38686,False,Corn
38687,False,Corn
38688,True,Sorghum
38689,True,Sorghum
38690,True,Sorghum
38691,True,Sorghum
38692,True,Sorghum
38693,True,Sorghum
38694,True,Sorghum
38695,True,Sorghum
38696,True,Sorghum
38697,True,Sorghum
38698,True,Sorghum
38699,True,Sorghum
38700,True,Sorghum
38701,True,Sorghum
38702,True,Sorghum
38703,True,Sorghum
38704,True,Sorghum
38705,True,Sorghum
38706,True,Sorghum
38707,True,Sorghum
38708,True,Sorghum
38709,True,Sorghum
38710,True,Sorghum
38711,True,Sorghum
38712,True,Sorghum
38713,True,Sorghum
38714,True,Sorghum
38715,True,Sorghum
38716,True,Sorghum
38717,True,Sorghum
38718,False,Corn_Ensilage
38719,False,Corn_Ensilage
38720,False,Corn_Ensilage
38721,False,Corn_Ensilage
38722,False,Corn_Ensilage
38723,False,Corn_Ensilage
38724,False,Corn_Ensilage
38725,False,Corn_Ensilage
38726,False,Corn_Ensilage
38727,False,Corn_Ensilage
38728,True,Sorghum
38729,True,Sorghum
38730,True,Sorghum
38731,True,Sorghum
38732,True,Sorghum
38733,True,Sorghum
38734,True,Sorghum
38735,True,Sorghum
38736,True,Sorghum
38737,True,Sorghum
38738,True,Sorghum
38739,True,Sorghum
38740,True,Sorghum
38741,True,Sorghum
38742,True,Sorghum
38743,True,Sorghum
38744,True,Sorghum
38745,True,Sorghum
38746,True,Sorghum
38747,True,Sorghum
38748,True,Sorghum
38749,True,Sorghum
38750,True,Sorghum
38751,True,Sorghum
38752,True,Sorghum
38753,True,Sorghum
38754,True,Sorghum
38755,True,Sorghum
38756,True,Sorghum
38757,True,Sorghum
38758,True,Sorghum
38759,True,Sorghum
38760,True,Sorghum
38761,True,Sorghum
38762,True,Sorghum
38763,True,Sorghum
38764,True,Sorghum
38765,True,Sorghum
38766,True,Sorghum
38767,True,Sorghum
38768,False,Corn_Ensilage
38769,False,Corn_Ensilage
38770,False,Corn_Ensilage
38771,False,Corn_Ensilage
38772,False,Corn_Ensilage
38773,False,Corn_Ensilage
38774,False,Corn_Ensilage
38775,False,Corn_Ensilage
38776,False,Corn_Ensilage
38777,False,Corn_Ensilage
38778,True,Sorghum
38779,True,Sorghum
38780,True,Sorghum
38781,True,Sorghum
38782,True,Sorghum
38783,True,Sorghum
38784,True,Sorghum
38785,True,Sorghum
38786,True,Sorghum
38787,True,Sorghum
38788,True,Sorghum
38789,True,Sorghum
38790,True,Sorghum
38791,True,Sorghum
38792,True,Sorghum
38793,True,Sorghum
38794,True,Sorghum
38795,True,Sorghum
38796,True,Sorghum
38797,True,Sorghum
38798,True,Sorghum
38799,True,Sorghum
38800,True,Sorghum
38801,True,Sorghum
38802,True,Sorghum
38803,True,Sorghum
38804,True,Sorghum
38805,True,Sorghum
38806,True,Sorghum
38807,True,Sorghum
38808,True,Sorghum
38809,True,Sorghum
38810,True,Sorghum
38811,True,Sorghum
38812,True,Sorghum
38813,True,Sorghum
38814,True,Sorghum
38815,True,Sorghum
38816,True,Sorghum
38817,True,Sorghum
38818,False,Corn_Ensilage
38819,False,Corn_Ensilage
38820,False,Corn_Ensilage
38821,False,Corn_Ensilage
38822,False,Corn_Ensilage
38823,False,Corn_Ensilage
38824,False,Corn_Ensilage
38825,False,Corn_Ensilage
38826,False,Corn_Ensilage
38827,False,Corn_Ensilage
38828,True,Sorghum
38829,True,Sorghum
38830,True,Sorghum
38831,True,Sorghum
38832,True,Sorghum
38833,True,Sorghum
38834,True,Sorghum
38835,True,Sorghum
38836,True,Sorghum
38837,True,Sorghum
38838,True,Sorghum
38839,True,Sorghum
38840,True,Sorghum
38841,True,Sorghum
38842,True,Sorghum
38843,True,Sorghum
38844,True,Sorghum
38845,True,Sorghum
38846,True,Sorghum
38847,True,Sorghum
38848,True,Sorghum
38849,True,Sorghum
38850,True,Sorghum
38851,True,Sorghum
38852,True,Sorghum
38853,True,Sorghum
38854,True,Sorghum
38855,True,Sorghum
38856,True,Sorghum
38857,True,Sorghum
38858,True,Sorghum
38859,True,Sorghum
38860,True,Sorghum
38861,True,Sorghum
38862,True,Sorghum
38863,True,Sorghum
38864,True,Sorghum
38865,True,Sorghum
38866,True,Sorghum
38867,True,Sorghum
38868,False,Corn_Ensilage
38869,False,Corn_Ensilage
38870,False,Corn_Ensilage
38871,False,Corn_Ensilage
38872,False,Corn_Ensilage
38873,False,Corn_Ensilage
38874,False,Corn_Ensilage
38875,False,Corn_Ensilage
38876,False,Corn_Ensilage
38877,False,Corn_Ensilage
38878,False,Corn_Ensilage
38879,False,Corn_Ensilage
38880,False,Corn_Ensilage
38881,False,Corn_Ensilage
38882,False,Corn_Ensilage
38883,False,Corn_Ensilage
38884,False,Corn_Ensilage
38885,False,Corn_Ensilage
38886,False,Corn_Ensilage
38887,False,Corn_Ensilage
38888,True,Sorghum
38889,True,Sorghum
38890,True,Sorghum
38891,True,Sorghum
38892,True,Sorghum
38893,True,Sorghum
38894,True,Sorghum
38895,True,Sorghum
38896,True,Sorghum
38897,True,Sorghum
38898,True,Sorghum
38899,True,Sorghum
38900,True,Sorghum
38901,True,Sorghum
38902,True,Sorghum
38903,True,Sorghum
38904,True,Sorghum
38905,True,Sorghum
38906,True,Sorghum
38907,True,Sorghum
38908,False,Corn_Ensilage
38909,False,Corn_Ensilage
38910,False,Corn_Ensilage
38911,False,Corn_Ensilage
38912,False,Corn_Ensilage
38913,False,Corn_Ensilage
38914,False,Corn_Ensilage
38915,False,Corn_Ensilage
38916,False,Corn_Ensilage
38917,False,Corn_Ensilage
38918,True,Sorghum
38919,True,Sorghum
38920,True,Sorghum
38921,True,Sorghum
38922,True,Sorghum
38923,True,Sorghum
38924,True,Sorghum
38925,True,Sorghum
38926,True,Sorghum
38927,True,Sorghum
38928,True,Sorghum
38929,True,Sorghum
38930,True,Sorghum
38931,True,Sorghum
38932,True,Sorghum
38933,True,Sorghum
38934,True,Sorghum
38935,True,Sorghum
38936,True,Sorghum
38937,True,Sorghum
38938,True,Sorghum
38939,True,Sorghum
38940,True,Sorghum
38941,True,Sorghum
38942,True,Sorghum
38943,True,Sorghum
38944,True,Sorghum
38945,True,Sorghum
38946,True,Sorghum
38947,True,Sorghum
38948,True,Sorghum
38949,True,Sorghum
38950,True,Sorghum
38951,True,Sorghum
38952,True,Sorghum
38953,True,Sorghum
38954,True,Sorghum
38955,True,Sorghum
38956,True,Sorghum
38957,True,Sorghum
38958,True,Sorghum
38959,True,Sorghum
38960,True,Sorghum
38961,True,Sorghum
38962,True,Sorghum
38963,True,Sorghum
38964,True,Sorghum
38965,True,Sorghum
38966,True,Sorghum
38967,True,Sorghum
38968,False,Corn_Ensilage
38969,False,Corn_Ensilage
38970,False,Corn_Ensilage
38971,False,Corn_Ensilage
38972,False,Corn_Ensilage
38973,False,Corn_Ensilage
38974,False,Corn_Ensilage
38975,False,Corn_Ensilage
38976,False,Corn_Ensilage
38977,False,Corn_Ensilage
38978,True,Sorghum
38979,True,Sorghum
38980,True,Sorghum
38981,True,Sorghum
38982,True,Sorghum
38983,True,Sorghum
38984,True,Sorghum
38985,True,Sorghum
38986,True,Sorghum
38987,True,Sorghum
38988,False,Corn_Ensilage
38989,False,Corn_Ensilage
38990,False,Corn_Ensilage
38991,False,Corn_Ensilage
38992,False,Corn_Ensilage
38993,False,Corn_Ensilage
38994,False,Corn_Ensilage
38995,False,Corn_Ensilage
38996,False,Corn_Ensilage
38997,False,Corn_Ensilage
38998,True,Sorghum
38999,True,Sorghum
39000,True,Sorghum
39001,True,Sorghum
39002,True,Sorghum
39003,False,Corn_Ensilage
39004,False,Corn_Ensilage
39005,False,Corn_Ensilage
39006,False,Corn_Ensilage
39007,False,Corn_Ensilage
39008,False,Corn_Ensilage
39009,False,Corn_Ensilage
39010,False,Corn_Ensilage
39011,False,Corn_Ensilage
39012,False,Corn_Ensilage
39013,False,Corn_Ensilage
39014,False,Corn_Ensilage
39015,False,Corn_Ensilage
39016,False,Corn_Ensilage
39017,False,Corn_Ensilage
39018,True,Sorghum
39019,True,Sorghum
39020,True,Sorghum
39021,True,Sorghum
39022,True,Sorghum
39023,True,Sorghum
39024,True,Sorghum
39025,True,Sorghum
39026,True,Sorghum
39027,True,Sorghum
39028,True,Sorghum
39029,True,Sorghum
39030,True,Sorghum
39031,True,Sorghum
39032,True,Sorghum
39033,True,Sorghum
39034,True,Sorghum
39035,True,Sorghum
39036,True,Sorghum
39037,True,Sorghum
39038,True,Sorghum
39039,True,Sorghum
39040,True,Sorghum
39041,True,Sorghum
39042,True,Sorghum
39043,True,Sorghum
39044,True,Sorghum
39045,True,Sorghum
39046,True,Sorghum
39047,True,Sorghum
39048,False,Corn_Ensilage
39049,False,Corn_Ensilage
39050,False,Corn_Ensilage
39051,False,Corn_Ensilage
39052,False,Corn_Ensilage
39053,False,Corn_Ensilage
39054,False,Corn_Ensilage
39055,False,Corn_Ensilage
39056,False,Corn_Ensilage
39057,False,Corn_Ensilage
39058,True,Sorghum
39059,True,Sorghum
39060,True,Sorghum
39061,True,Sorghum
39062,True,Sorghum
39063,True,Sorghum
39064,True,Sorghum
39065,True,Sorghum
39066,True,Sorghum
39067,True,Sorghum
39068,True,Sorghum
39069,True,Sorghum
39070,True,Sorghum
39071,True,Sorghum
39072,True,Sorghum
39073,True,Sorghum
39074,True,Sorghum
39075,True,Sorghum
39076,True,Sorghum
39077,True,Sorghum
39078,True,Sorghum
39079,True,Sorghum
39080,True,Sorghum
39081,True,Sorghum
39082,True,Sorghum
39083,True,Sorghum
39084,True,Sorghum
39085,True,Sorghum
39086,True,Sorghum
39087,True,Sorghum
39088,True,Sorghum
39089,True,Sorghum
39090,True,Sorghum
39091,True,Sorghum
39092,True,Sorghum
39093,True,Sorghum
39094,True,Sorghum
39095,True,Sorghum
39096,True,Sorghum
39097,True,Sorghum
39098,True,Sorghum
39099,True,Sorghum
39100,True,Sorghum
39101,True,Sorghum
39102,True,Sorghum
39103,True,Sorghum
39104,True,Sorghum
39105,True,Sorghum
39106,True,Sorghum
39107,True,Sorghum
39108,True,Sorghum
39109,True,Sorghum
39110,True,Sorghum
39111,True,Sorghum
39112,True,Sorghum
39113,True,Sorghum
39114,True,Sorghum
39115,True,Sorghum
39116,True,Sorghum
39117,True,Sorghum
39118,False,Corn_Ensilage
39119,False,Corn_Ensilage
39120,False,Corn_Ensilage
39121,False,Corn_Ensilage
39122,False,Corn_Ensilage
39123,False,Corn_Ensilage
39124,False,Corn_Ensilage
39125,False,Corn_Ensilage
39126,False,Corn_Ensilage
39127,False,Corn_Ensilage
39128,True,Sorghum
39129,True,Sorghum
39130,True,Sorghum
39131,True,Sorghum
39132,True,Sorghum
39133,True,Sorghum
39134,True,Sorghum
39135,True,Sorghum
39136,True,Sorghum
39137,True,Sorghum
39138,True,Sorghum
39139,True,Sorghum
39140,True,Sorghum
39141,True,Sorghum
39142,True,Sorghum
39143,True,Sorghum
39144,True,Sorghum
39145,True,Sorghum
39146,True,Sorghum
39147,True,Sorghum
39148,True,Sorghum
39149,True,Sorghum
39150,True,Sorghum
39151,True,Sorghum
39152,True,Sorghum
39153,True,Sorghum
39154,True,Sorghum
39155,True,Sorghum
39156,True,Sorghum
39157,True,Sorghum
39158,True,Sorghum
39159,True,Sorghum
39160,True,Sorghum
39161,True,Sorghum
39162,True,Sorghum
39163,True,Sorghum
39164,True,Sorghum
39165,True,Sorghum
39166,True,Sorghum
39167,True,Sorghum
39168,True,Sorghum
39169,True,Sorghum
39170,True,Sorghum
39171,True,Sorghum
39172,True,Sorghum
39173,True,Sorghum
39174,True,Sorghum
39175,True,Sorghum
39176,True,Sorghum
39177,True,Sorghum
39178,False,Corn_Ensilage
39179,False,Corn_Ensilage
39180,False,Corn_Ensilage
39181,False,Corn_Ensilage
39182,False,Corn_Ensilage
39183,False,Corn_Ensilage
39184,False,Corn_Ensilage
39185,False,Corn_Ensilage
39186,False,Corn_Ensilage
39187,False,Corn_Ensilage
39188,False,Sorghum
39189,False,Sorghum
39190,False,Sorghum
39191,False,Sorghum
39192,False,Sorghum
39193,False,Sorghum
39194,False,Sorghum
39195,False,Sorghum
39196,False,Sorghum
39197,False,Sorghum
39198,True,Sunflower
39199,True,Sunflower
39200,True,Sunflower
39201,True,Sunflower
39202,True,Sunflower
39203,True,Sunflower
39204,True,Sunflower
39205,True,Sunflower
39206,True,Sunflower
39207,True,Sunflower
39208,False,Sorghum
39209,False,Sorghum
39210,False,Sorghum
39211,False,Sorghum
39212,False,Sorghum
39213,False,Sorghum
39214,False,Sorghum
39215,False,Sorghum
39216,False,Sorghum
39217,False,Sorghum
39218,False,Sorghum
39219,False,Sorghum
39220,False,Sorghum
39221,False,Sorghum
39222,False,Sorghum
39223,False,Sorghum
39224,False,Sorghum
39225,False,Sorghum
39226,False,Sorghum
39227,False,Sorghum
39228,True,Sunflower
39229,True,Sunflower
39230,True,Sunflower
39231,True,Sunflower
39232,True,Sunflower
39233,True,Sunflower
39234,True,Sunflower
39235,True,Sunflower
39236,True,Sunflower
39237,True,Sunflower
39238,True,Sunflower
39239,True,Sunflower
39240,True,Sunflower
39241,True,Sunflower
39242,True,Sunflower
39243,True,Sunflower
39244,True,Sunflower
39245,True,Sunflower
39246,True,Sunflower
39247,True,Sunflower
39248,True,Sunflower
39249,True,Sunflower
39250,True,Sunflower
39251,True,Sunflower
39252,True,Sunflower
39253,True,Sunflower
39254,True,Sunflower
39255,True,Sunflower
39256,True,Sunflower
39257,True,Sunflower
39258,False,Sorghum
39259,False,Sorghum
39260,False,Sorghum
39261,False,Sorghum
39262,False,Sorghum
39263,False,Sorghum
39264,False,Sorghum
39265,False,Sorghum
39266,False,Sorghum
39267,False,Sorghum
39268,False,Sorghum
39269,False,Sorghum
39270,False,Sorghum
39271,False,Sorghum
39272,False,Sorghum
39273,False,Sorghum
39274,False,Sorghum
39275,False,Sorghum
39276,False,Sorghum
39277,False,Sorghum
39278,True,Sunflower
39279,True,Sunflower
39280,True,Sunflower
39281,True,Sunflower
39282,True,Sunflower
39283,True,Sunflower
39284,True,Sunflower
39285,True,Sunflower
39286,True,Sunflower
39287,True,Sunflower
39288,False,Sorghum
39289,False,Sorghum
39290,False,Sorghum
39291,False,Sorghum
39292,False,Sorghum
39293,False,Sorghum
39294,False,Sorghum
39295,False,Sorghum
39296,False,Sorghum
39297,False,Sorghum
39298,False,Sorghum
39299,False,Sorghum
39300,False,Sorghum
39301,False,Sorghum
39302,False,Sorghum
39303,False,Sorghum
39304,False,Sorghum
39305,False,Sorghum
39306,False,Sorghum
39307,False,Sorghum
39308,True,Sunflower
39309,True,Sunflower
39310,True,Sunflower
39311,True,Sunflower
39312,True,Sunflower
39313,True,Sunflower
39314,True,Sunflower
39315,True,Sunflower
39316,True,Sunflower
39317,True,Sunflower
39318,False,Sorghum
39319,False,Sorghum
39320,False,Sorghum
39321,False,Sorghum
39322,False,Sorghum
39323,False,Sorghum
39324,False,Sorghum
39325,False,Sorghum
39326,False,Sorghum
39327,False,Sorghum
39328,True,Sunflower
39329,True,Sunflower
39330,True,Sunflower
39331,True,Sunflower
39332,True,Sunflower
39333,True,Sunflower
39334,True,Sunflower
39335,True,Sunflower
39336,True,Sunflower
39337,True,Sunflower
39338,True,Sunflower
39339,True,Sunflower
39340,True,Sunflower
39341,True,Sunflower
39342,True,Sunflower
39343,True,Sunflower
39344,True,Sunflower
39345,True,Sunflower
39346,True,Sunflower
39347,True,Sunflower
39348,True,Sunflower
39349,True,Sunflower
39350,True,Sunflower
39351,True,Sunflower
39352,True,Sunflower
39353,True,Sunflower
39354,True,Sunflower
39355,True,Sunflower
39356,True,Sunflower
39357,True,Sunflower
39358,True,Sunflower
39359,True,Sunflower
39360,True,Sunflower
39361,True,Sunflower
39362,True,Sunflower
39363,True,Sunflower
39364,True,Sunflower
39365,True,Sunflower
39366,True,Sunflower
39367,True,Sunflower
39368,False,Sorghum
39369,False,Sorghum
39370,False,Sorghum
39371,False,Sorghum
39372,False,Sorghum
39373,False,Sorghum
39374,False,Sorghum
39375,False,Sorghum
39376,False,Sorghum
39377,False,Sorghum
39378,True,Sunflower
39379,True,Sunflower
39380,True,Sunflower
39381,True,Sunflower
39382,True,Sunflower
39383,True,Sunflower
39384,True,Sunflower
39385,True,Sunflower
39386,True,Sunflower
39387,True,Sunflower
39388,True,Sunflower
39389,True,Sunflower
39390,True,Sunflower
39391,True,Sunflower
39392,True,Sunflower
39393,True,Sunflower
39394,True,Sunflower
39395,True,Sunflower
39396,True,Sunflower
39397,True,Sunflower
39398,True,Sunflower
39399,True,Sunflower
39400,True,Sunflower
39401,True,Sunflower
39402,True,Sunflower
39403,True,Sunflower
39404,True,Sunflower
39405,True,Sunflower
39406,True,Sunflower
39407,True,Sunflower
39408,True,Sunflower
39409,True,Sunflower
39410,True,Sunflower
39411,True,Sunflower
39412,True,Sunflower
39413,True,Sunflower
39414,True,Sunflower
39415,True,Sunflower
39416,True,Sunflower
39417,True,Sunflower
39418,True,Sunflower
39419,True,Sunflower
39420,True,Sunflower
39421,True,Sunflower
39422,True,Sunflower
39423,True,Sunflower
39424,True,Sunflower
39425,True,Sunflower
39426,True,Sunflower
39427,True,Sunflower
39428,True,Sunflower
39429,True,Sunflower
39430,True,Sunflower
39431,True,Sunflower
39432,True,Sunflower
39433,True,Sunflower
39434,True,Sunflower
39435,True,Sunflower
39436,True,Sunflower
39437,True,Sunflower
39438,True,Sunflower
39439,True,Sunflower
39440,True,Sunflower
39441,True,Sunflower
39442,True,Sunflower
39443,True,Sunflower
39444,True,Sunflower
39445,True,Sunflower
39446,True,Sunflower
39447,True,Sunflower
39448,True,Sunflower
39449,True,Sunflower
39450,True,Sunflower
39451,True,Sunflower
39452,True,Sunflower
39453,True,Sunflower
39454,True,Sunflower
39455,True,Sunflower
39456,True,Sunflower
39457,True,Sunflower
39458,False,Sorghum
39459,False,Sorghum
39460,False,Sorghum
39461,False,Sorghum
39462,False,Sorghum
39463,False,Sorghum
39464,False,Sorghum
39465,False,Sorghum
39466,False,Sorghum
39467,False,Sorghum
39468,True,Sunflower
39469,True,Sunflower
39470,True,Sunflower
39471,True,Sunflower
39472,True,Sunflower
39473,True,Sunflower
39474,True,Sunflower
39475,True,Sunflower
39476,True,Sunflower
39477,True,Sunflower
39478,True,Sunflower
39479,True,Sunflower
39480,True,Sunflower
39481,True,Sunflower
39482,True,Sunflower
39483,True,Sunflower
39484,True,Sunflower
39485,True,Sunflower
39486,True,Sunflower
39487,True,Sunflower
39488,True,Sunflower
39489,True,Sunflower
39490,True,Sunflower
39491,True,Sunflower
39492,True,Sunflower
39493,True,Sunflower
39494,True,Sunflower
39495,True,Sunflower
39496,True,Sunflower
39497,True,Sunflower
39498,True,Sunflower
39499,True,Sunflower
39500,True,Sunflower
39501,True,Sunflower
39502,True,Sunflower
39503,True,Sunflower
39504,True,Sunflower
39505,True,Sunflower
39506,True,Sunflower
39507,True,Sunflower
39508,True,Sunflower
39509,True,Sunflower
39510,True,Sunflower
39511,True,Sunflower
39512,True,Sunflower
39513,True,Sunflower
39514,True,Sunflower
39515,True,Sunflower
39516,True,Sunflower
39517,True,Sunflower
39518,True,Sunflower
39519,True,Sunflower
39520,True,Sunflower
39521,True,Sunflower
39522,True,Sunflower
39523,True,Sunflower
39524,True,Sunflower
39525,True,Sunflower
39526,True,Sunflower
39527,True,Sunflower
39528,False,Sorghum
39529,False,Sorghum
39530,False,Sorghum
39531,False,Sorghum
39532,False,Sorghum
39533,False,Sorghum
39534,False,Sorghum
39535,False,Sorghum
39536,False,Sorghum
39537,False,Sorghum
39538,True,Sunflower
39539,True,Sunflower
39540,True,Sunflower
39541,True,Sunflower
39542,True,Sunflower
39543,True,Sunflower
39544,True,Sunflower
39545,True,Sunflower
39546,True,Sunflower
39547,True,Sunflower
39548,True,Sunflower
39549,True,Sunflower
39550,True,Sunflower
39551,True,Sunflower
39552,True,Sunflower
39553,True,Sunflower
39554,True,Sunflower
39555,True,Sunflower
39556,True,Sunflower
39557,True,Sunflower
39558,True,Sunflower
39559,True,Sunflower
39560,True,Sunflower
39561,True,Sunflower
39562,True,Sunflower
39563,True,Sunflower
39564,True,Sunflower
39565,True,Sunflower
39566,True,Sunflower
39567,True,Sunflower
39568,True,Sunflower
39569,True,Sunflower
39570,True,Sunflower
39571,True,Sunflower
39572,True,Sunflower
39573,True,Sunflower
39574,True,Sunflower
39575,True,Sunflower
39576,True,Sunflower
39577,True,Sunflower
39578,True,Sunflower
39579,True,Sunflower
39580,True,Sunflower
39581,True,Sunflower
39582,True,Sunflower
39583,True,Sunflower
39584,True,Sunflower
39585,True,Sunflower
39586,True,Sunflower
39587,True,Sunflower
39588,False,Sorghum
39589,False,Sorghum
39590,False,Sorghum
39591,False,Sorghum
39592,False,Sorghum
39593,False,Sorghum
39594,False,Sorghum
39595,False,Sorghum
39596,False,Sorghum
39597,False,Sorghum
39598,True,Sunflower
39599,True,Sunflower
39600,True,Sunflower
39601,True,Sunflower
39602,True,Sunflower
39603,True,Sunflower
39604,True,Sunflower
39605,True,Sunflower
39606,True,Sunflower
39607,True,Sunflower
39608,True,Sunflower
39609,True,Sunflower
39610,True,Sunflower
39611,True,Sunflower
39612,True,Sunflower
39613,True,Sunflower
39614,True,Sunflower
39615,True,Sunflower
39616,True,Sunflower
39617,True,Sunflower
39618,True,Sunflower
39619,True,Sunflower
39620,True,Sunflower
39621,True,Sunflower
39622,True,Sunflower
39623,True,Sunflower
39624,True,Sunflower
39625,True,Sunflower
39626,True,Sunflower
39627,True,Sunflower
39628,True,Sunflower
39629,True,Sunflower
39630,True,Sunflower
39631,True,Sunflower
39632,True,Sunflower
39633,True,Sunflower
39634,True,Sunflower
39635,True,Sunflower
39636,True,Sunflower
39637,True,Sunflower
39638,True,Sunflower
39639,True,Sunflower
39640,True,Sunflower
39641,True,Sunflower
39642,True,Sunflower
39643,True,Sunflower
39644,True,Sunflower
39645,True,Sunflower
39646,True,Sunflower
39647,True,Sunflower
39648,True,Sunflower
39649,True,Sunflower
39650,True,Sunflower
39651,True,Sunflower
39652,True,Sunflower
39653,False,Sorghum
39654,False,Sorghum
39655,False,Sorghum
39656,False,Sorghum
39657,False,Sorghum
39658,True,Sunflower
39659,True,Sunflower
39660,True,Sunflower
39661,True,Sunflower
39662,True,Sunflower
39663,True,Sunflower
39664,True,Sunflower
39665,True,Sunflower
39666,True,Sunflower
39667,True,Sunflower
39668,True,Sunflower
39669,True,Sunflower
39670,True,Sunflower
39671,True,Sunflower
39672,True,Sunflower
39673,True,Sunflower
39674,True,Sunflower
39675,True,Sunflower
39676,True,Sunflower
39677,True,Sunflower
39678,True,Sunflower
39679,True,Sunflower
39680,True,Sunflower
39681,True,Sunflower
39682,True,Sunflower
39683,True,Sunflower
39684,True,Sunflower
39685,True,Sunflower
39686,True,Sunflower
39687,True,Sunflower
39688,True,Soy
39689,True,Soy
39690,True,Soy
39691,True,Soy
39692,True,Soy
39693,True,Soy
39694,True,Soy
39695,True,Soy
39696,True,Soy
39697,True,Soy
39698,True,Soy
39699,True,Soy
39700,True,Soy
39701,True,Soy
39702,True,Soy
39703,True,Soy
39704,True,Soy
39705,True,Soy
39706,True,Soy
39707,True,Soy
39708,False,Sunflower
39709,False,Sunflower
39710,False,Sunflower
39711,False,Sunflower
39712,False,Sunflower
39713,False,Sunflower
39714,False,Sunflower
39715,False,Sunflower
39716,False,Sunflower
39717,False,Sunflower
39718,True,Soy
39719,True,Soy
39720,True,Soy
39721,True,Soy
39722,True,Soy
39723,True,Soy
39724,True,Soy
39725,True,Soy
39726,True,Soy
39727,True,Soy
39728,True,Soy
39729,True,Soy
39730,True,Soy
39731,True,Soy
39732,True,Soy
39733,True,Soy
39734,True,Soy
39735,True,Soy
39736,True,Soy
39737,True,Soy
39738,True,Soy
39739,True,Soy
39740,True,Soy
39741,True,Soy
39742,True,Soy
39743,True,Soy
39744,True,Soy
39745,True,Soy
39746,True,Soy
39747,True,Soy
39748,True,Soy
39749,True,Soy
39750,True,Soy
39751,True,Soy
39752,True,Soy
39753,True,Soy
39754,True,Soy
39755,True,Soy
39756,True,Soy
39757,True,Soy
39758,True,Soy
39759,True,Soy
39760,True,Soy
39761,True,Soy
39762,True,Soy
39763,True,Soy
39764,True,Soy
39765,True,Soy
39766,True,Soy
39767,True,Soy
39768,True,Soy
39769,True,Soy
39770,True,Soy
39771,True,Soy
39772,True,Soy
39773,True,Soy
39774,True,Soy
39775,True,Soy
39776,True,Soy
39777,True,Soy
39778,True,Soy
39779,True,Soy
39780,True,Soy
39781,True,Soy
39782,True,Soy
39783,True,Soy
39784,True,Soy
39785,True,Soy
39786,True,Soy
39787,True,Soy
39788,True,Soy
39789,True,Soy
39790,True,Soy
39791,True,Soy
39792,True,Soy
39793,True,Soy
39794,True,Soy
39795,True,Soy
39796,True,Soy
39797,True,Soy
39798,False,Sunflower
39799,False,Sunflower
39800,False,Sunflower
39801,False,Sunflower
39802,False,Sunflower
39803,False,Sunflower
39804,False,Sunflower
39805,False,Sunflower
39806,False,Sunflower
39807,False,Sunflower
39808,False,Sunflower
39809,False,Sunflower
39810,False,Sunflower
39811,False,Sunflower
39812,False,Sunflower
39813,False,Sunflower
39814,False,Sunflower
39815,False,Sunflower
39816,False,Sunflower
39817,False,Sunflower
39818,True,Soy
39819,True,Soy
39820,True,Soy
39821,True,Soy
39822,True,Soy
39823,True,Soy
39824,True,Soy
39825,True,Soy
39826,True,Soy
39827,True,Soy
39828,True,Soy
39829,True,Soy
39830,True,Soy
39831,True,Soy
39832,True,Soy
39833,True,Soy
39834,True,Soy
39835,True,Soy
39836,True,Soy
39837,True,Soy
39838,False,Sunflower
39839,False,Sunflower
39840,False,Sunflower
39841,False,Sunflower
39842,False,Sunflower
39843,False,Sunflower
39844,False,Sunflower
39845,False,Sunflower
39846,False,Sunflower
39847,False,Sunflower
39848,True,Soy
39849,True,Soy
39850,True,Soy
39851,True,Soy
39852,True,Soy
39853,True,Soy
39854,True,Soy
39855,True,Soy
39856,True,Soy
39857,True,Soy
39858,True,Soy
39859,True,Soy
39860,True,Soy
39861,True,Soy
39862,True,Soy
39863,True,Soy
39864,True,Soy
39865,True,Soy
39866,True,Soy
39867,True,Soy
39868,False,Sunflower
39869,False,Sunflower
39870,False,Sunflower
39871,False,Sunflower
39872,False,Sunflower
39873,False,Sunflower
39874,False,Sunflower
39875,False,Sunflower
39876,False,Sunflower
39877,False,Sunflower
39878,False,Sunflower
39879,False,Sunflower
39880,False,Sunflower
39881,False,Sunflower
39882,False,Sunflower
39883,False,Sunflower
39884,False,Sunflower
39885,False,Sunflower
39886,False,Sunflower
39887,False,Sunflower
39888,True,Soy
39889,True,Soy
39890,True,Soy
39891,True,Soy
39892,True,Soy
39893,True,Soy
39894,True,Soy
39895,True,Soy
39896,True,Soy
39897,True,Soy
39898,True,Soy
39899,True,Soy
39900,True,Soy
39901,True,Soy
39902,True,Soy
39903,True,Soy
39904,True,Soy
39905,True,Soy
39906,True,Soy
39907,True,Soy
39908,False,Sunflower
39909,False,Sunflower
39910,False,Sunflower
39911,False,Sunflower
39912,False,Sunflower
39913,False,Sunflower
39914,False,Sunflower
39915,False,Sunflower
39916,False,Sunflower
39917,False,Sunflower
39918,True,Soy
39919,True,Soy
39920,True,Soy
39921,True,Soy
39922,True,Soy
39923,True,Soy
39924,True,Soy
39925,True,Soy
39926,True,Soy
39927,True,Soy
39928,True,Soy
39929,True,Soy
39930,True,Soy
39931,True,Soy
39932,True,Soy
39933,True,Soy
39934,True,Soy
39935,True,Soy
39936,True,Soy
39937,True,Soy
39938,True,Soy
39939,True,Soy
39940,True,Soy
39941,True,Soy
39942,True,Soy
39943,True,Soy
39944,True,Soy
39945,True,Soy
39946,True,Soy
39947,True,Soy
39948,True,Soy
39949,True,Soy
39950,True,Soy
39951,True,Soy
39952,True,Soy
39953,True,Soy
39954,True,Soy
39955,True,Soy
39956,True,Soy
39957,True,Soy
39958,True,Soy
39959,True,Soy
39960,True,Soy
39961,True,Soy
39962,True,Soy
39963,True,Soy
39964,True,Soy
39965,True,Soy
39966,True,Soy
39967,True,Soy
39968,False,Sunflower
39969,False,Sunflower
39970,False,Sunflower
39971,False,Sunflower
39972,False,Sunflower
39973,False,Sunflower
39974,False,Sunflower
39975,False,Sunflower
39976,False,Sunflower
39977,False,Sunflower
39978,True,Soy
39979,True,Soy
39980,True,Soy
39981,True,Soy
39982,True,Soy
39983,True,Soy
39984,True,Soy
39985,True,Soy
39986,True,Soy
39987,True,Soy
39988,True,Soy
39989,True,Soy
39990,True,Soy
39991,True,Soy
39992,True,Soy
39993,True,Soy
39994,True,Soy
39995,True,Soy
39996,True,Soy
39997,True,Soy
39998,True,Soy
39999,True,Soy
40000,True,Soy
40001,True,Soy
40002,True,Soy
40003,True,Soy
40004,True,Soy
40005,True,Soy
40006,True,Soy
40007,True,Soy
40008,True,Soy
40009,True,Soy
40010,True,Soy
40011,True,Soy
40012,True,Soy
40013,True,Soy
40014,True,Soy
40015,True,Soy
40016,True,Soy
40017,True,Soy
40018,True,Soy
40019,True,Soy
40020,True,Soy
40021,True,Soy
40022,True,Soy
40023,True,Soy
40024,True,Soy
40025,True,Soy
40026,True,Soy
40027,True,Soy
40028,True,Soy
40029,True,Soy
40030,True,Soy
40031,True,Soy
40032,True,Soy
40033,True,Soy
40034,True,Soy
40035,True,Soy
40036,True,Soy
40037,True,Soy
40038,True,Soy
40039,True,Soy
40040,True,Soy
40041,True,Soy
40042,True,Soy
40043,True,Soy
40044,True,Soy
40045,True,Soy
40046,True,Soy
40047,True,Soy
40048,False,Sunflower
40049,False,Sunflower
40050,False,Sunflower
40051,False,Sunflower
40052,False,Sunflower
40053,False,Sunflower
40054,False,Sunflower
40055,False,Sunflower
40056,False,Sunflower
40057,False,Sunflower
40058,True,Soy
40059,True,Soy
40060,True,Soy
40061,True,Soy
40062,True,Soy
40063,True,Soy
40064,True,Soy
40065,True,Soy
40066,True,Soy
40067,True,Soy
40068,False,Sunflower
40069,False,Sunflower
40070,False,Sunflower
40071,False,Sunflower
40072,False,Sunflower
40073,False,Sunflower
40074,False,Sunflower
40075,False,Sunflower
40076,False,Sunflower
40077,False,Sunflower
40078,True,Soy
40079,True,Soy
40080,True,Soy
40081,True,Soy
40082,True,Soy
40083,True,Soy
40084,True,Soy
40085,True,Soy
40086,True,Soy
40087,True,Soy
40088,True,Soy
40089,True,Soy
40090,True,Soy
40091,True,Soy
40092,True,Soy
40093,True,Soy
40094,True,Soy
40095,True,Soy
40096,True,Soy
40097,True,Soy
40098,False,Sunflower
40099,False,Sunflower
40100,False,Sunflower
40101,False,Sunflower
40102,False,Sunflower
40103,False,Sunflower
40104,False,Sunflower
40105,False,Sunflower
40106,False,Sunflower
40107,False,Sunflower
40108,True,Soy
40109,True,Soy
40110,True,Soy
40111,True,Soy
40112,True,Soy
40113,True,Soy
40114,True,Soy
40115,True,Soy
40116,True,Soy
40117,True,Soy
40118,True,Soy
40119,True,Soy
40120,True,Soy
40121,True,Soy
40122,True,Soy
40123,True,Soy
40124,True,Soy
40125,True,Soy
40126,True,Soy
40127,True,Soy
40128,False,Sunflower
40129,False,Sunflower
40130,False,Sunflower
40131,False,Sunflower
40132,False,Sunflower
40133,False,Sunflower
40134,False,Sunflower
40135,False,Sunflower
40136,False,Sunflower
40137,False,Sunflower
40138,True,Soy
40139,True,Soy
40140,True,Soy
40141,True,Soy
40142,True,Soy
40143,True,Soy
40144,True,Soy
40145,True,Soy
40146,True,Soy
40147,True,Soy
40148,True,Soy
40149,True,Soy
40150,True,Soy
40151,True,Soy
40152,True,Soy
40153,True,Soy
40154,True,Soy
40155,True,Soy
40156,True,Soy
40157,True,Soy
40158,True,Soy
40159,True,Soy
40160,True,Soy
40161,True,Soy
40162,True,Soy
40163,True,Soy
40164,True,Soy
40165,True,Soy
40166,True,Soy
40167,True,Soy
40168,True,Soy
40169,True,Soy
40170,True,Soy
40171,True,Soy
40172,True,Soy
40173,False,Sunflower
40174,False,Sunflower
40175,False,Sunflower
40176,False,Sunflower
40177,False,Sunflower
40178,True,Soy
40179,True,Soy
40180,True,Soy
40181,True,Soy
40182,True,Soy
40183,True,Soy
40184,True,Soy
40185,True,Soy
40186,True,Soy
40187,True,Soy
40188,True,Corn
40189,True,Corn
40190,True,Corn
40191,True,Corn
40192,True,Corn
40193,True,Corn
40194,True,Corn
40195,True,Corn
40196,True,Corn
40197,True,Corn
40198,False,Soy
40199,False,Soy
40200,False,Soy
40201,False,Soy
40202,False,Soy
40203,False,Soy
40204,False,Soy
40205,False,Soy
40206,False,Soy
40207,False,Soy
40208,False,Soy
40209,False,Soy
40210,False,Soy
40211,False,Soy
40212,False,Soy
40213,False,Soy
40214,False,Soy
40215,False,Soy
40216,False,Soy
40217,False,Soy
40218,True,Corn
40219,True,Corn
40220,True,Corn
40221,True,Corn
40222,True,Corn
40223,True,Corn
40224,True,Corn
40225,True,Corn
40226,True,Corn
40227,True,Corn
40228,True,Corn
40229,True,Corn
40230,True,Corn
40231,True,Corn
40232,True,Corn
40233,True,Corn
40234,True,Corn
40235,True,Corn
40236,True,Corn
40237,True,Corn
40238,True,Corn
40239,True,Corn
40240,True,Corn
40241,True,Corn
40242,True,Corn
40243,True,Corn
40244,True,Corn
40245,True,Corn
40246,True,Corn
40247,True,Corn
40248,True,Corn
40249,True,Corn
40250,True,Corn
40251,True,Corn
40252,True,Corn
40253,True,Corn
40254,True,Corn
40255,True,Corn
40256,True,Corn
40257,True,Corn
40258,False,Soy
40259,False,Soy
40260,False,Soy
40261,False,Soy
40262,False,Soy
40263,False,Soy
40264,False,Soy
40265,False,Soy
40266,False,Soy
40267,False,Soy
40268,True,Corn
40269,True,Corn
40270,True,Corn
40271,True,Corn
40272,True,Corn
40273,True,Corn
40274,True,Corn
40275,True,Corn
40276,True,Corn
40277,True,Corn
40278,True,Corn
40279,True,Corn
40280,True,Corn
40281,True,Corn
40282,True,Corn
40283,True,Corn
40284,True,Corn
40285,True,Corn
40286,True,Corn
40287,True,Corn
40288,True,Corn
40289,True,Corn
40290,True,Corn
40291,True,Corn
40292,True,Corn
40293,True,Corn
40294,True,Corn
40295,True,Corn
40296,True,Corn
40297,True,Corn
40298,True,Corn
40299,True,Corn
40300,True,Corn
40301,True,Corn
40302,True,Corn
40303,True,Corn
40304,True,Corn
40305,True,Corn
40306,True,Corn
40307,True,Corn
40308,False,Soy
40309,False,Soy
40310,False,Soy
40311,False,Soy
40312,False,Soy
40313,False,Soy
40314,False,Soy
40315,False,Soy
40316,False,Soy
40317,False,Soy
40318,True,Corn
40319,True,Corn
40320,True,Corn
40321,True,Corn
40322,True,Corn
40323,True,Corn
40324,True,Corn
40325,True,Corn
40326,True,Corn
40327,True,Corn
40328,True,Corn
40329,True,Corn
40330,True,Corn
40331,True,Corn
40332,True,Corn
40333,True,Corn
40334,True,Corn
40335,True,Corn
40336,True,Corn
40337,True,Corn
40338,False,Soy
40339,False,Soy
40340,False,Soy
40341,False,Soy
40342,False,Soy
40343,False,Soy
40344,False,Soy
40345,False,Soy
40346,False,Soy
40347,False,Soy
40348,True,Corn
40349,True,Corn
40350,True,Corn
40351,True,Corn
40352,True,Corn
40353,True,Corn
40354,True,Corn
40355,True,Corn
40356,True,Corn
40357,True,Corn
40358,True,Corn
40359,True,Corn
40360,True,Corn
40361,True,Corn
40362,True,Corn
40363,True,Corn
40364,True,Corn
40365,True,Corn
40366,True,Corn
40367,True,Corn
40368,True,Corn
40369,True,Corn
40370,True,Corn
40371,True,Corn
40372,True,Corn
40373,True,Corn
40374,True,Corn
40375,True,Corn
40376,True,Corn
40377,True,Corn
40378,True,Corn
40379,True,Corn
40380,True,Corn
40381,True,Corn
40382,True,Corn
40383,True,Corn
40384,True,Corn
40385,True,Corn
40386,True,Corn
40387,True,Corn
40388,False,Soy
40389,False,Soy
40390,False,Soy
40391,False,Soy
40392,False,Soy
40393,False,Soy
40394,False,Soy
40395,False,Soy
40396,False,Soy
40397,False,Soy
40398,True,Corn
40399,True,Corn
40400,True,Corn
40401,True,Corn
40402,True,Corn
40403,True,Corn
40404,True,Corn
40405,True,Corn
40406,True,Corn
40407,True,Corn
40408,True,Corn
40409,True,Corn
40410,True,Corn
40411,True,Corn
40412,True,Corn
40413,True,Corn
40414,True,Corn
40415,True,Corn
40416,True,Corn
40417,True,Corn
40418,True,Corn
40419,True,Corn
40420,True,Corn
40421,True,Corn
40422,True,Corn
40423,True,Corn
40424,True,Corn
40425,True,Corn
40426,True,Corn
40427,True,Corn
40428,True,Corn
40429,True,Corn
40430,True,Corn
40431,True,Corn
40432,True,Corn
40433,True,Corn
40434,True,Corn
40435,True,Corn
40436,True,Corn
40437,True,Corn
40438,True,Corn
40439,True,Corn
40440,True,Corn
40441,True,Corn
40442,True,Corn
40443,True,Corn
40444,True,Corn
40445,True,Corn
40446,True,Corn
40447,True,Corn
40448,True,Corn
40449,True,Corn
40450,True,Corn
40451,True,Corn
40452,True,Corn
40453,True,Corn
40454,True,Corn
40455,True,Corn
40456,True,Corn
40457,True,Corn
40458,True,Corn
40459,True,Corn
40460,True,Corn
40461,True,Corn
40462,True,Corn
40463,True,Corn
40464,True,Corn
40465,True,Corn
40466,True,Corn
40467,True,Corn
40468,True,Corn
40469,True,Corn
40470,True,Corn
40471,True,Corn
40472,True,Corn
40473,False,Soy
40474,False,Soy
40475,False,Soy
40476,False,Soy
40477,False,Soy
40478,True,Corn
40479,True,Corn
40480,True,Corn
40481,True,Corn
40482,True,Corn
40483,True,Corn
40484,True,Corn
40485,True,Corn
40486,True,Corn
40487,True,Corn
40488,True,Corn
40489,True,Corn
40490,True,Corn
40491,True,Corn
40492,True,Corn
40493,True,Corn
40494,True,Corn
40495,True,Corn
40496,True,Corn
40497,True,Corn
40498,True,Corn
40499,True,Corn
40500,True,Corn
40501,True,Corn
40502,True,Corn
40503,True,Corn
40504,True,Corn
40505,True,Corn
40506,True,Corn
40507,True,Corn
40508,True,Corn
40509,True,Corn
40510,True,Corn
40511,True,Corn
40512,True,Corn
40513,True,Corn
40514,True,Corn
40515,True,Corn
40516,True,Corn
40517,True,Corn
40518,True,Corn
40519,True,Corn
40520,True,Corn
40521,True,Corn
40522,True,Corn
40523,True,Corn
40524,True,Corn
40525,True,Corn
40526,True,Corn
40527,True,Corn
40528,True,Corn
40529,True,Corn
40530,True,Corn
40531,True,Corn
40532,True,Corn
40533,True,Corn
40534,True,Corn
40535,True,Corn
40536,True,Corn
40537,True,Corn
40538,True,Corn
40539,True,Corn
40540,True,Corn
40541,True,Corn
40542,True,Corn
40543,True,Corn
40544,True,Corn
40545,True,Corn
40546,True,Corn
40547,True,Corn
40548,True,Corn
40549,True,Corn
40550,True,Corn
40551,True,Corn
40552,True,Corn
40553,True,Corn
40554,True,Corn
40555,True,Corn
40556,True,Corn
40557,True,Corn
40558,True,Corn
40559,True,Corn
40560,True,Corn
40561,True,Corn
40562,True,Corn
40563,True,Corn
40564,True,Corn
40565,True,Corn
40566,True,Corn
40567,True,Corn
40568,False,Soy
40569,False,Soy
40570,False,Soy
40571,False,Soy
40572,False,Soy
40573,False,Soy
40574,False,Soy
40575,False,Soy
40576,False,Soy
40577,False,Soy
40578,False,Soy
40579,False,Soy
40580,False,Soy
40581,False,Soy
40582,False,Soy
40583,False,Soy
40584,False,Soy
40585,False,Soy
40586,False,Soy
40587,False,Soy
40588,True,Corn
40589,True,Corn
40590,True,Corn
40591,True,Corn
40592,True,Corn
40593,True,Corn
40594,True,Corn
40595,True,Corn
40596,True,Corn
40597,True,Corn
40598,True,Corn
40599,True,Corn
40600,True,Corn
40601,True,Corn
40602,True,Corn
40603,True,Corn
40604,True,Corn
40605,True,Corn
40606,True,Corn
40607,True,Corn
40608,True,Corn
40609,True,Corn
40610,True,Corn
40611,True,Corn
40612,True,Corn
40613,True,Corn
40614,True,Corn
40615,True,Corn
40616,True,Corn
40617,True,Corn
40618,False,Soy
40619,False,Soy
40620,False,Soy
40621,False,Soy
40622,False,Soy
40623,False,Soy
40624,False,Soy
40625,False,Soy
40626,False,Soy
40627,False,Soy
40628,True,Corn
40629,True,Corn
40630,True,Corn
40631,True,Corn
40632,True,Corn
40633,True,Corn
40634,True,Corn
40635,True,Corn
40636,True,Corn
40637,True,Corn
40638,False,Soy
40639,False,Soy
40640,False,Soy
40641,False,Soy
40642,False,Soy
40643,False,Soy
40644,False,Soy
40645,False,Soy
40646,False,Soy
40647,False,Soy
40648,False,Soy
40649,False,Soy
40650,False,Soy
40651,False,Soy
40652,False,Soy
40653,False,Soy
40654,False,Soy
40655,False,Soy
40656,False,Soy
40657,False,Soy
40658,False,Soy
40659,False,Soy
40660,False,Soy
40661,False,Soy
40662,False,Soy
40663,False,Soy
40664,False,Soy
40665,False,Soy
40666,False,Soy
40667,False,Soy
40668,True,Corn
40669,True,Corn
40670,True,Corn
40671,True,Corn
40672,True,Corn
40673,True,Corn
40674,True,Corn
40675,True,Corn
40676,True,Corn
40677,True,Corn
40678,True,Corn
40679,True,Corn
40680,True,Corn
40681,True,Corn
40682,True,Corn
40683,True,Corn
40684,True,Corn
40685,True,Corn
40686,True,Corn
40687,True,Corn
